Alambari 5754 159.6 70467000 0.712
Aluminio 18324 83.66 1526672000 0.766
Aracariguama 21038 145.2 1494020000 0.704
Aracoiaba_da_Serra 32495 255.32 315643000 0.776
Boituva 57910 248.96 2650583000 0.78
Capela_do_Alto 20005 169.89 248260000 0.699
Cerquilho 46733 127.8 1571087000 0.782
Cesario_Lange 17587 190.39 311108000 0.706
Ibiuna 77566 1058.08 1438503000 0.71
Ipero 34913 170.28 438542000 0.719
Itapetininga 160070 1789.35 3124120000 0.763
Itu 170157 640.71 7551445000 0.773
Jumirim 3237 56.68 70427000 0.741
Mairinque 46567 210.14 1540245000 0.743
Piedade 55092 746.86 1129675000 0.716
Pilar_do_Sul 28718 681.12 449225000 0.69
Porto_Feliz 52507 556.69 1429706000 0.758
Salto 116191 133.05 5695364000 0.78
Salto_de_Pirapora 44397 280.69 1383574000 0.729
Sao_Miguel_Arcanjo 32910 930.33 556845000 0.71
Sao_Roque 88473 306.9 2272458000 0.768
Sarapui 10034 352.52 124870000 0.707
Sorocaba 659871 450.38 32662452000 0.798
Tapirai 7973 755.1 144494000 0.681
Tatui 118939 523.74 3417706000 0.752
Tiete 41022 404.39 1640139000 0.778
Votorantim 119898 183.51 4708770000 0.767
Brasilia 666666 666.33 666666666 0.666
MENOR___Bozolandia 111111 111.11 111111111 0.111
MAIOR___Paraiso 666666 666.33 666666666 0.999
FIM
40
